RGBA(0,0,0,0.0)
RGBA(17,87,10,0.0)
RGBA(0,0,0,0.0)
RGBA(0,0,0,0.0)
RGBA(0,0,0,0.0)
RGBA(0,0,0,0.0)
RGBA(37,104,10,0.1)
RGBA(176,124,34,0.6)
RGBA(166,157,54,0.6)
RGBA(127,11,247,0.9)
RGBA(62,28,225,1.0)
RGBA(6,120,6,1.0)
RGBA(224,42,103,1.0)
RGBA(234,213,143,1.0)
RGBA(255,40,203,1.0)
RGBA(235,69,95,1.0)
RGBA(77,57,54,1.0)
RGBA(248,179,102,1.0)
RGBA(68,153,158,1.0)
RGBA(174,72,6,1.0)
RGBA(178,147,166,1.0)
RGBA(14,109,169,1.0)
RGBA(21,64,72,1.0)
RGBA(137,70,215,1.0)
RGBA(244,219,140,1.0)
RGBA(52,105,239,1.0)
RGBA(201,39,212,1.0)
RGBA(134,97,86,1.0)
RGBA(43,83,236,1.0)
